-16,1.099280057,-0.203148779,1.06708379,-0.168758417
16,1.063183742,-0.217887505,1.029008746,-0.155002272
47,1.016191837,-0.234345749,0.975703686,-0.160406472
62,0.974663591,-0.228695904,0.933943961,-0.15942389
94,0.954255675,-0.210518142,0.914537972,-0.172934389
156,0.95619323,-0.189883925,0.918713944,-0.184971016
187,1.031600007,-0.146159037,1.00886582,-0.158195663
187,1.102685579,-0.134368055,1.086489779,-0.131911601
203,1.24391079,-0.103662376,1.233385752,-0.123805302
203,1.230492245,-0.083028159,1.220366544,-0.133876765
203,1.188520092,-0.051094251,1.178361174,-0.146404682
218,1.127734884,0.028249226,1.115230296,-0.165073735
218,1.045076921,0.073202341,1.028517456,-0.17023229
234,0.792879287,0.233854458,0.736199382,-0.17882988
234,0.799748631,0.254734321,0.738164546,-0.172688744
250,0.843022617,0.292563719,0.773046198,-0.165810672
281,0.972962763,0.215431051,0.948682688,0.015721308
281,0.964430681,0.214448469,0.939839452,0.028986162
296,0.947696158,0.201920551,0.925100725,0.03930327
312,0.918347439,0.181777625,0.899307954,0.039548916
312,0.903137699,0.158441309,0.887516973,0.053550706
343,0.892556888,0.139772255,0.879901965,0.053796351
359,0.884861962,0.121840138,0.874497765,0.058217969
374,0.884484125,0.092362685,0.877199865,0.065587332
390,0.89563193,0.076887023,0.889236491,0.074184923
406,0.893510798,0.049620379,0.887762619,0.088186713
437,0.895096152,0.023581962,0.889482137,0.097275594
546,0.900944024,0.009825818,0.895623273,0.097275594
546,0.903724898,0.000245645,0.897588436,0.105136248
546,0.91973517,0.007860654,0.913064099,0.110294802
593,0.931087081,0.015230017,0.924609435,0.108575284
593,0.961499115,0.007615009,0.954332533,0.116927229
608,0.990172025,0.006878072,0.983073049,0.118155456
624,1.008229855,0.009334527,1.001005166,0.12012062
624,1.00774026,0.017686472,1.001005166,0.114962066
655,1.369430937,0.016212599,1.364806062,-0.111277384
655,1.230290287,0.077378313,1.214471053,-0.180795044
671,1.043972975,0.083273804,1.014761311,-0.230661068
686,0.925296549,0.070254596,0.894395046,-0.226485095
702,0.880316214,0.062393942,0.84403773,-0.242206403
702,0.890238764,0.076641377,0.849196285,-0.255962548
733,0.930982767,0.072465405,0.889727782,-0.264314493
749,0.969226915,0.037583752,0.926083307,-0.283474837
764,0.975315907,-0.0027021,0.928048471,-0.299933082
780,0.961256808,-0.026529707,0.907905545,-0.314671808
796,0.964851197,-0.01400179,0.912327163,-0.313689226
827,1.003514597,0.023336317,0.955806405,-0.304845991
842,1.022773306,0.075904441,0.978405786,-0.288142101
874,1.059267598,0.132648537,1.015006956,-0.272420792
874,1.095333428,0.196025061,1.052836354,-0.229924131
874,1.071331521,0.196761997,1.029745683,-0.220589605
889,1.034522113,0.19012957,0.991916285,-0.224028641
889,0.992726803,0.177356007,0.952367369,-0.216904923
905,0.957903612,0.155002272,0.92215298,-0.207816042
920,0.922158117,0.12282272,0.892184237,-0.19823587
936,0.900208058,0.05600716,0.885797455,-0.150335009
967,0.895848711,0.017686472,0.883341001,-0.1481242
983,0.888280845,-0.010071463,0.878919383,-0.128226919
1014,0.91143671,-0.026775353,0.903729572,-0.115207711
1045,0.923499513,-0.022353735,0.91625749,-0.113242548
1076,0.956304574,-0.0081063,0.951384787,-0.096538658
1092,0.974543076,0.011054045,0.969808195,-0.095310431
1108,0.975434843,0.021862444,0.970545132,-0.095064785
1123,0.970559556,0.012282272,0.966123514,-0.091871394
1154,0.956351582,0.014247435,0.951384787,-0.096293012
1186,0.95159115,0.009088881,0.947700106,-0.085484613
1201,0.964025912,0.01670389,0.96096496,-0.074921859
1232,0.983567806,0.014247435,0.981107886,-0.068043787
1264,0.998351511,0.003193391,0.995109676,-0.080326059
1295,1.007112421,0.004421618,1.003952912,-0.079589122
1310,1.008328002,0.002456454,1.005426784,-0.076395732
1342,1.016290017,0.004421618,1.013533084,-0.074676214
1357,1.035553714,0.003193391,1.032447783,-0.080080413
1373,1.056583916,0.011054045,1.053081999,-0.085238968
1404,1.090702128,0.015475663,1.08698107,-0.088678004
1420,1.119971239,0.027512289,1.116212877,-0.087449776
1435,1.152535838,0.033899071,1.148638075,-0.088432358
1466,1.174188619,0.033162134,1.169763583,-0.096293012
1498,1.17866462,0.013019208,1.17369391,-0.107347057
1513,1.166190231,-0.005895491,1.161902929,-0.099732048
1529,1.152827055,-0.008843236,1.147409848,-0.111277384
1560,1.139452023,-0.011545336,1.135127576,-0.098503821
1576,1.147331487,-0.001228227,1.143725167,-0.090888813
1607,1.144793484,0.010317108,1.13979484,-0.106364475
1622,1.184312839,0.053550706,1.171974392,-0.161880345
1638,1.304453104,0.141737419,1.291358076,-0.117909811
1654,1.42455043,0.208307333,1.404109333,-0.12012062
1685,1.470174883,0.239258658,1.440464858,-0.170969226
1700,1.465904324,0.232380586,1.438008403,-0.164336799
1716,1.391328158,0.260875457,1.357436699,-0.158441309
1732,1.219473874,0.28494871,1.169026647,-0.19823587
1747,1.009174908,0.272420792,0.949173979,-0.208061687
1778,0.823203499,0.256208193,0.747007782,-0.232380586
1794,0.701145026,0.264560138,0.599129227,-0.250312703
1810,0.639041972,0.274140311,0.520277041,-0.250067057
1841,0.654620439,0.290598555,0.520768332,-0.269964338
1856,0.716844574,0.289861619,0.600848745,-0.262349329
1872,0.79984094,0.285194355,0.705739348,-0.24564544
1888,0.907562899,0.266034011,0.835931431,-0.232626231
1903,1.008928142,0.230415422,0.958017214,-0.216904923
1919,1.074583858,0.188410052,1.041291018,-0.18693618
1934,1.1041877,0.162617281,1.077892189,-0.175882135
1966,1.067490011,0.125033529,1.044484409,-0.18153198
1981,1.022326534,0.11471642,1.00026823,-0.177356007
2012,0.993264563,0.124542238,0.973738523,-0.151317591
2028,0.964167394,0.120857556,0.948928333,-0.120611911
2059,0.960938147,0.131911601,0.948191397,-0.083273804
2075,0.964373149,0.139772255,0.952367369,-0.058954905
2106,0.948102553,0.141000482,0.936891707,-0.035372943
2122,0.914096224,0.139772255,0.90274699,-0.032916489
2153,0.885188582,0.14222871,0.873269538,-0.027020998
2153,0.878070164,0.15672179,0.863935011,0.007860654
2168,0.90975776,0.165319381,0.894395046,0.019651635
2168,0.919481856,0.162617281,0.904466509,0.03070568
2184,0.908351864,0.155984854,0.8941494,0.035618589
2184,0.888404198,0.137315801,0.876954219,0.036846816
2200,0.870983321,0.117172875,0.861969847,0.043479243
2215,0.861923363,0.094573494,0.855337421,0.048637797
2231,0.863162597,0.077132668,0.85754823,0.060920069
2262,0.87731556,0.07000895,0.870567438,0.083028159
2293,0.909831082,0.056989742,0.901764409,0.106610121
2324,0.943167237,0.051831188,0.933698316,0.12282272
2356,0.974678914,0.041759725,0.96415835,0.136578864
2371,0.999649491,0.038811979,0.985529504,0.162862926
2371,0.994756547,0.014247435,0.981107886,0.163599863
2387,0.964096796,0.005158554,0.953349951,0.143456937
2402,0.897228366,0.029723098,0.892675527,0.085238968
2434,0.912444587,0.051831188,0.908642481,0.065096041
2449,0.976526733,0.078606541,0.971773359,0.055515869
2465,1.127892639,0.112751257,1.121371432,0.044216179
2496,1.171765052,0.126998692,1.164113738,0.041759725
2512,1.208184389,0.138052737,1.199977972,0.026529707
2527,1.333236974,0.062639587,1.331643928,-0.017932117
2558,1.382902864,0.044216179,1.381755598,-0.034881652
2590,1.251505658,0.023581962,1.241737697,-0.154265336
2605,1.099163735,0.06141136,1.08427897,-0.169495353
2621,1.03577197,0.07271105,1.021148092,-0.157458727
2621,0.902751803,0.015721308,0.892184237,-0.13682451
2652,0.816081622,-0.035372943,0.79933026,-0.160652117
2668,0.761724328,-0.103662376,0.723671465,-0.213957178
2668,0.834334184,-0.10071463,0.796873806,-0.225748159
2683,1.18091533,0.131174665,1.162148575,-0.163599863
2699,0.852257427,-0.009334527,0.845511603,-0.106610121
2714,0.832350171,-0.025547126,0.82684255,-0.09211704
2730,0.84394114,-0.023336317,0.840107403,-0.076887023
2746,0.854481007,-0.037583752,0.850424512,-0.074184923
2761,0.863182171,-0.034144716,0.859267748,-0.074676214
2777,0.881253177,-0.03610988,0.877936801,-0.06730685
2792,0.902580504,-0.041268434,0.900044891,-0.053550706
2808,0.924383471,-0.038320689,0.922644271,-0.041759725
2808,0.94494309,-0.033653425,0.943769779,-0.032916489
2839,0.967588282,-0.023827608,0.96686045,-0.028986162
2855,0.988664792,-0.026038417,0.987740313,-0.033899071
2870,1.00606986,-0.021862444,1.00567243,-0.017932117
2886,1.060075431,-0.004667263,1.059714426,-0.027266644
2917,1.069561062,0.018423408,1.068557662,-0.042496661
2948,1.07704881,0.028494871,1.075927025,-0.040040207
2964,1.138559193,-0.040285852,1.137829676,-0.006141136
2980,1.138089027,-0.065096041,1.136110158,-0.016212599
2995,1.116325694,-0.085730258,1.112773841,-0.023827608
3011,1.087335852,-0.070745887,1.085015907,-0.005895491
3042,1.089463972,-0.040777143,1.088700588,0
3073,1.10845155,-0.001719518,1.108352223,-0.014738726
3089,1.396298312,0.262103684,1.365788644,-0.124787883
3104,1.416601704,0.34636007,1.360384444,-0.19012957
3136,1.098407037,0.166793253,1.069540244,-0.186444889
3151,0.849220444,0.108575284,0.817016732,-0.204622651
3167,0.775699992,0.117909811,0.739147128,-0.203640069
3198,0.802030028,0.14272,0.766168126,-0.189392634
3214,0.859530382,0.152545818,0.820455768,-0.205850878
3245,0.998915934,0.017195181,0.986512085,-0.155984854
3276,1.017295472,0.004175972,1.00567243,-0.153282754
3292,1.001650689,0.016212599,0.990688058,-0.146895973
3323,0.967225167,0.024318899,0.955315115,-0.149352427
3338,0.893268084,0.050848606,0.884569228,-0.113488193
3354,0.889015722,0.060183133,0.881867128,-0.095064785
3370,0.895342313,0.060920069,0.889973428,-0.076641377
3401,0.917534943,0.085238968,0.912081517,-0.052076833
3416,0.945240332,0.106610121,0.938365579,-0.039794561
3432,0.945166118,0.114225129,0.937137352,-0.045444406
3432,0.931680434,0.110294802,0.924118144,-0.043233597
3448,0.919799496,0.09211704,0.914537972,-0.034144716
3448,0.905388377,0.054778933,0.903729572,-0.000491291
3448,0.895407313,0.027266644,0.894886336,-0.013756145
3479,0.894772373,0.039057625,0.893658109,-0.021616799
3494,0.903907863,0.046918279,0.902501345,-0.018423408
3510,0.908406866,0.049866024,0.906677317,-0.025547126
3526,0.91536618,0.049129088,0.914046681,-0.000491291
3557,0.941705429,0.037829398,0.940822034,0.015230017
3572,0.960286715,0.029968744,0.958754151,0.045198761
3604,0.985812519,0.019160344,0.984792567,0.040531498
3635,1.041441964,0.051831188,1.038834564,0.052322479
3650,1.034818027,0.063376523,1.031219555,0.058463615
3666,1.033452348,0.076641377,1.028517456,0.065587332
3682,1.049542959,0.065587332,1.045466991,0.065096041
3697,1.039384725,0.028740516,1.037606337,0.053550706
3728,1.043255517,-0.006632427,1.041782309,0.055024578
3760,1.148173719,-0.070745887,1.139549194,-0.121348847
3775,1.400840713,0.037829398,1.392809642,-0.144930809
3806,1.305137014,0.047900861,1.267776114,-0.306319863
3822,1.273178133,0.07811525,1.230192361,-0.318602135
3853,1.252123095,0.121594493,1.20439959,-0.320076008
3869,1.149913374,0.139280964,1.094350433,-0.324497626
3884,0.936292795,0.043724888,0.886288746,-0.298704855
3900,0.906288301,0.040285852,0.848950639,-0.314671808
3931,0.9203898,0.072219759,0.852635321,-0.338990707
3947,1.045853338,0.282737901,0.944015424,-0.350290397
3962,1.021503912,0.254979966,0.955806405,-0.254734321
3978,0.924628262,0.112505611,0.883586646,-0.248101894
3994,0.881122316,0.071974114,0.839370467,-0.258173357
4040,0.810100151,0.05870926,0.744796973,-0.313197935
4056,0.856392368,0.065832978,0.786311052,-0.332849571
4072,1.003503443,0.062885233,0.934926543,-0.359133633
4103,0.998545388,0.047900861,0.951384787,-0.299441791
4118,0.975130685,0.021862444,0.93025928,-0.291581137
4134,0.960770219,-0.022353735,0.916503135,-0.287405164
4165,0.965520361,-0.045198761,0.918468299,-0.294283237
4181,0.986254234,-0.056744097,0.931733152,-0.31835649
4196,1.008514936,-0.077378313,0.948682688,-0.333340862
4212,1.019135948,-0.115453357,0.949419624,-0.352009915
4228,1.003891634,-0.169986644,0.926328953,-0.347588297
4243,0.977052474,-0.205359587,0.896360209,-0.330147471
4274,0.969113911,-0.215431051,0.8914473,-0.313197935
4290,0.969716696,-0.19283167,0.903238281,-0.295511464
4321,0.978343494,-0.169986644,0.924363789,-0.271683856
4337,0.982961146,-0.167284544,0.934926543,-0.253260448
4352,0.954413241,-0.147141618,0.914046681,-0.231889295
4368,0.89795367,-0.098749467,0.861724202,-0.232380586
4384,0.837808623,-0.053550706,0.804488815,-0.227713322
4415,0.797433543,-0.020142926,0.760272636,-0.239749949
4430,0.746032156,0.033899071,0.691737558,-0.277333701
4446,0.718921406,0.033899071,0.659803651,-0.283474837
4462,0.680038954,0.037583752,0.624921998,-0.26554272
4508,0.614151378,0.073202341,0.584881792,-0.172443099
4524,0.787386866,0.248347539,0.627869744,-0.40506933
4540,0.943445467,0.3043547,0.750201172,-0.484412807
4571,1.059429937,0.266279657,0.944015424,-0.400402067
4586,1.048196493,0.343412325,0.938611225,-0.315900035
4664,1.272677359,0.63990637,0.985529504,-0.488834425
4727,0.699614815,0.358151051,0.580460174,-0.155739209
4727,0.715140072,0.397208676,0.441916146,-0.397945612
4727,0.909493308,0.470411017,0.509959933,-0.588075182
4727,0.923746042,0.442653082,0.598637936,-0.546806749
4742,0.804736335,0.253260448,0.722934529,-0.246628021
4742,0.840327342,0.276596765,0.729075665,-0.313197935
4758,0.967432611,0.373135423,0.714828229,-0.534524477
4758,1.040303013,0.264560138,0.809893014,-0.596918418
4758,1.096405419,0.328673598,0.814805923,-0.655873324
4774,1.03030178,0.393523994,0.790487025,-0.530839795
4789,1.269297907,0.550245785,0.866637111,-0.746516491
4805,1.227333608,0.585618728,0.826351259,-0.69321143
4805,1.215246646,0.611411499,0.804980106,-0.674542377
4820,1.162157921,0.572845165,0.766659417,-0.65931236
4852,1.256990781,0.573090811,0.809401723,-0.772309262
4852,1.546876339,0.660049296,0.966123514,-1.011813566
4867,1.498864262,0.607972463,1.035886819,-0.896605854
4898,1.399708968,0.567686611,1.022621965,-0.768870226
4930,1.220630901,0.5951989,0.870076147,-0.615341826
4945,1.219279791,0.607972463,0.821683995,-0.66471656
4961,1.231749738,0.644819279,0.740375355,-0.743814391
4976,1.152170783,0.680437868,0.723180174,-0.584390501
4992,1.125568017,0.644819279,0.774274426,-0.501607988
5023,1.126752523,0.6006031,0.829053359,-0.470656662
5039,1.142007339,0.594953255,0.816771087,-0.532068022
5054,1.1269623,0.608955045,0.751183754,-0.578740656
5101,1.16203421,0.677981413,0.808173496,-0.487360552
5117,1.135327408,0.646538797,0.778696043,-0.51438155
5148,1.099005563,0.641871534,0.721460656,-0.524698659
5164,1.03829806,0.621974253,0.643099761,-0.526909468
5195,0.975777433,0.571862583,0.569651774,-0.548280621
5210,0.947583962,0.531576731,0.516346714,-0.590531637
5226,0.927204616,0.49988847,0.492519106,-0.606007299
5257,0.959234622,0.550737076,0.470165371,-0.629097971
5273,1.004272104,0.631800071,0.459848263,-0.630817489
5304,1.039207206,0.719495493,0.43307291,-0.612148435
5335,1.067139318,0.778696043,0.427914356,-0.591022928
5351,1.084379695,0.814068987,0.4416705,-0.564001929
5366,1.094691031,0.82143835,0.477289089,-0.543859003
5382,1.125860073,0.827825131,0.503818797,-0.573090811
5413,1.121304839,0.799575906,0.512416387,-0.596181482
5429,1.109198729,0.766659417,0.495221206,-0.630326198
5444,1.09235765,0.742340518,0.465989399,-0.651942997
5460,1.071522245,0.709178384,0.448794218,-0.666190432
5491,1.043116981,0.676998831,0.438722755,-0.661277523
5507,1.014033092,0.634747816,0.434792428,-0.660540587
5522,1.031722222,0.642117179,0.445109537,-0.673805441
5554,1.065668269,0.688544167,0.445600827,-0.680437868
5569,1.096392486,0.749464236,0.424720965,-0.678227059
5585,1.125030744,0.803014942,0.416860311,-0.668646887
5616,1.1031623,0.782872016,0.430616456,-0.647030088
5632,1.09176822,0.758798763,0.453952772,-0.640397661
5647,1.085524763,0.7433231,0.445600827,-0.653662515
5663,1.095162196,0.736936319,0.434301137,-0.683876904
5694,1.093373288,0.735708092,0.412193048,-0.69591353
5710,1.090744809,0.711634838,0.419316765,-0.712371775
5725,1.105642619,0.687561585,0.460093908,-0.733497283
5741,1.133876493,0.687807231,0.504555733,-0.747007782
5756,1.157247998,0.734971155,0.512662032,-0.732269055
5772,1.133812125,0.769361517,0.47778038,-0.682157386
5788,1.090329376,0.751675045,0.454689709,-0.645801861
5803,1.049257552,0.703282894,0.436511946,-0.644819279
5819,1.043477367,0.658084133,0.451741963,-0.672085923
5850,1.066806328,0.648995251,0.45837439,-0.711880484
5866,1.113836008,0.696896112,0.448302927,-0.744305682
5881,1.169651356,0.77132668,0.427914356,-0.76813329
5897,1.203046227,0.828807713,0.42177322,-0.763220381
5912,1.20126889,0.84403773,0.437248882,-0.734479864
5944,1.177036314,0.819227541,0.47778038,-0.697141758
5959,1.158872293,0.790487025,0.514872841,-0.673068504
5990,1.161220686,0.804980106,0.505292669,-0.667173014
5990,1.171095794,0.834211913,0.453707127,-0.685350776
5990,1.089343278,0.799084615,0.310004545,-0.672331568
6006,1.025989781,0.726373565,0.2989505,-0.660049296
6022,0.997456306,0.675770604,0.321304235,-0.659558005
6053,1.06948467,0.780906852,0.341938452,-0.645801861
6068,1.048474534,0.769852808,0.353483788,-0.617798281
6100,1.062742517,0.793189124,0.336779898,-0.621974253
